0            0            0
0.0069319    0.0050285    0.0027549
0.013864     0.010057    0.0055098
0.020796     0.015085    0.0082646
0.027728     0.020114      0.01102
0.03466     0.025142     0.013774
0.041592     0.030171     0.016529
0.048523     0.035199     0.019284
0.055455     0.040228     0.022039
0.062387     0.045256     0.024794
0.069319     0.050285     0.027549
0.076251     0.055313     0.030304
0.083183     0.060342     0.033059
0.090115      0.06537     0.035813
0.097047     0.070398     0.038568
0.10398     0.075427     0.041323
0.11091     0.080455     0.044078
0.11784     0.085484     0.046833
0.12477     0.090512     0.049588
0.13171     0.095541     0.052343
0.13864      0.10057     0.055098
0.14557       0.1056     0.057853
0.1525      0.11063     0.060607
0.15943      0.11565     0.063362
0.16637      0.12068     0.066117
0.1733      0.12571     0.068872
0.18023      0.13074     0.071627
0.18716      0.13577     0.074382
0.19409       0.1408     0.077137
0.20103      0.14583     0.079892
0.20796      0.15085     0.082646
0.21489      0.15588     0.085401
0.22182      0.16091     0.088156
0.22875      0.16594     0.090911
0.23569      0.17097     0.093666
0.24262        0.176     0.096421
0.24955      0.18102     0.099176
0.25648      0.18605      0.10193
0.26341      0.19108      0.10469
0.27035      0.19611      0.10744
0.27728      0.20114       0.1102
0.28421      0.20617      0.11295
0.29114       0.2112      0.11571
0.29807      0.21622      0.11846
0.305      0.22125      0.12121
0.31194      0.22628      0.12397
0.31887      0.23131      0.12672
0.3258      0.23634      0.12948
0.33273      0.24137      0.13223
0.33966      0.24639      0.13499
0.3466      0.25142      0.13774
0.35353      0.25645       0.1405
0.36046      0.26148      0.14325
0.36739      0.26651      0.14601
0.37432      0.27154      0.14876
0.38126      0.27657      0.15152
0.38819      0.28159      0.15427
0.39512      0.28662      0.15703
0.40205      0.29165      0.15978
0.40898      0.29668      0.16254
0.41592      0.30171      0.16529
0.42285      0.30674      0.16805
0.42978      0.31176       0.1708
0.43753       0.3213      0.18248
0.44528      0.33084      0.19415
0.45302      0.34037      0.20582
0.46077      0.34991      0.21749
0.46852      0.35945      0.22916
0.47627      0.36898      0.24084
0.48402      0.37852      0.25251
0.49177      0.38806      0.26418
0.49952      0.39759      0.27585
0.50726      0.40713      0.28753
0.51501      0.41667       0.2992
0.52276       0.4262      0.31087
0.53051      0.43574      0.32254
0.53826      0.44528      0.33422
0.54601      0.45481      0.34589
0.55375      0.46435      0.35756
0.5615      0.47389      0.36923
0.56925      0.48342       0.3809
0.577      0.49296      0.39258
0.58475       0.5025      0.40425
0.5925      0.51203      0.41592
0.60025      0.52157      0.42759
0.60799      0.53111      0.43927
0.61574      0.54064      0.45094
0.62349      0.55018      0.46261
0.63124      0.55971      0.47428
0.63899      0.56925      0.48596
0.64674      0.57879      0.49763
0.65448      0.58832       0.5093
0.66223      0.59786      0.52097
0.66998       0.6074      0.53264
0.67773      0.61693      0.54432
0.68548      0.62647      0.55599
0.69323      0.63601      0.56766
0.70097      0.64554      0.57933
0.70872      0.65508      0.59101
0.71647      0.66462      0.60268
0.72422      0.67415      0.61435
0.73197      0.68369      0.62602
0.73972      0.69323       0.6377
0.74747      0.70276      0.64937
0.75521       0.7123      0.66104
0.76296      0.72184      0.67271
0.77071      0.73137      0.68439
0.77846      0.74091      0.69606
0.78621      0.75045      0.70773
0.79396      0.75998       0.7194
0.8017      0.76952      0.73107
0.80945      0.77906      0.74275
0.8172      0.78859      0.75442
0.82495      0.79813      0.76609
0.8327      0.80766      0.77776
0.84045       0.8172      0.78944
0.8482      0.82674      0.80111
0.85594      0.83627      0.81278
0.86369      0.84581      0.82445
0.87144      0.85535      0.83613
0.87919      0.86488       0.8478
0.88694      0.87442      0.85947
0.89469      0.88396      0.87114
0.90243      0.89349      0.88281
0.91018      0.90303      0.89449
0.91793      0.91257      0.90616
0.92568       0.9221      0.91783
0.93343      0.93164       0.9295
0.94118      0.94118      0.94118
0.93076      0.93337      0.93284
0.92035      0.92555      0.92451
0.90993      0.91774      0.91618
0.89952      0.90993      0.90785
0.8891      0.90212      0.89952
0.87869      0.89431      0.89118
0.86827       0.8865      0.88285
0.85785      0.87869      0.87452
0.84744      0.87087      0.86619
0.83702      0.86306      0.85785
0.82661      0.85525      0.84952
0.81619      0.84744      0.84119
0.80578      0.83963      0.83286
0.79536      0.83182      0.82453
0.78495      0.82401      0.81619
0.77453      0.81619      0.80786
0.76412      0.80838      0.79953
0.7537      0.80057       0.7912
0.74329      0.79276      0.78286
0.73287      0.78495      0.77453
0.72246      0.77714       0.7662
0.71204      0.76933      0.75787
0.70163      0.76151      0.74954
0.69121       0.7537       0.7412
0.6808      0.74589      0.73287
0.67038      0.73808      0.72454
0.65997      0.73027      0.71621
0.64955      0.72246      0.70788
0.63913      0.71465      0.69954
0.62872      0.70683      0.69121
0.6183      0.69902      0.68288
0.60789      0.69121      0.67455
0.59747       0.6834      0.66621
0.58706      0.67559      0.65788
0.57664      0.66778      0.64955
0.56623      0.65997      0.64122
0.55581      0.65215      0.63289
0.5454      0.64434      0.62455
0.53498      0.63653      0.61622
0.52457      0.62872      0.60789
0.51415      0.62091      0.59956
0.50374       0.6131      0.59122
0.49332      0.60529      0.58289
0.48291      0.59747      0.57456
0.47249      0.58966      0.56623
0.46208      0.58185       0.5579
0.45166      0.57404      0.54956
0.44125      0.56623      0.54123
0.43083      0.55842       0.5329
0.42041      0.55061      0.52457
0.41      0.54279      0.51623
0.39958      0.53498       0.5079
0.38917      0.52717      0.49957
0.37875      0.51936      0.49124
0.36834      0.51155      0.48291
0.35792      0.50374      0.47457
0.34751      0.49593      0.46624
0.33709      0.48811      0.45791
0.32668       0.4803      0.44958
0.31626      0.47249      0.44125
0.30585      0.46468      0.43291
0.29543      0.45687      0.42458
0.28502      0.44906      0.41625
0.2746      0.44125      0.40792
0.26419      0.43343      0.39958
0.25377      0.42562      0.39125
0.24336      0.41781      0.38292
0.23294         0.41      0.37459
0.22253      0.40219      0.36626
0.21211      0.39438      0.35792
0.20169      0.38657      0.34959
0.19128      0.37875      0.34126
0.18086      0.37094      0.33293
0.17045      0.36313      0.32459
0.16723      0.35628      0.31847
0.16402      0.34943      0.31235
0.1608      0.34258      0.30622
0.15759      0.33572       0.3001
0.15437      0.32887      0.29397
0.15115      0.32202      0.28785
0.14794      0.31517      0.28172
0.14472      0.30832       0.2756
0.14151      0.30147      0.26947
0.13829      0.29462      0.26335
0.13507      0.28776      0.25723
0.13186      0.28091       0.2511
0.12864      0.27406      0.24498
0.12542      0.26721      0.23885
0.12221      0.26036      0.23273
0.11899      0.25351       0.2266
0.11578      0.24666      0.22048
0.11256       0.2398      0.21436
0.10934      0.23295      0.20823
0.10613       0.2261      0.20211
0.10291      0.21925      0.19598
0.099697       0.2124      0.18986
0.096481      0.20555      0.18373
0.093265      0.19869      0.17761
0.090049      0.19184      0.17148
0.086833      0.18499      0.16536
0.083617      0.17814      0.15924
0.080401      0.17129      0.15311
0.077185      0.16444      0.14699
0.073969      0.15759      0.14086
0.070753      0.15073      0.13474
0.067537      0.14388      0.12861
0.06432      0.13703      0.12249
0.061104      0.13018      0.11636
0.057888      0.12333      0.11024
0.054672      0.11648      0.10412
0.051456      0.10962     0.097991
0.04824      0.10277     0.091866
0.045024     0.095921     0.085742
0.041808      0.08907     0.079618
0.038592     0.082218     0.073493
0.035376     0.075367     0.067369
0.03216     0.068515     0.061244
0.028944     0.061664      0.05512
0.025728     0.054812     0.048995
0.022512     0.047961     0.042871
0.019296     0.041109     0.036747
0.01608     0.034258     0.030622
0.012864     0.027406     0.024498
0.0096481     0.020555     0.018373
0.006432     0.013703     0.012249
0.003216    0.0068515    0.0061244
0            0            0
