0      0.40784      0.21569
0.0034017      0.43742      0.23116
0.011926      0.46619      0.24619
0.024732      0.49409      0.26075
0.040979      0.52108      0.27481
0.059827      0.54711      0.28835
0.080434      0.57212      0.30133
0.10196      0.59608      0.31373
0.12965      0.61913      0.32604
0.16731      0.64144       0.3385
0.21193        0.663      0.35069
0.26051      0.68377      0.36218
0.31005      0.70374      0.37255
0.35755      0.72289      0.38138
0.4      0.74118      0.38824
0.43861      0.75869      0.39317
0.4765      0.77553      0.39688
0.51355      0.79175       0.3999
0.54965      0.80736      0.40275
0.58466      0.82242      0.40598
0.61848      0.83694      0.41011
0.65098      0.85098      0.41569
0.68248       0.8659      0.42761
0.71327      0.88217      0.44794
0.7432      0.89846      0.47296
0.77209      0.91344      0.49892
0.79979      0.92579      0.52208
0.82614      0.93417      0.53872
0.85098      0.93725       0.5451
0.87667      0.93558       0.5451
0.90426      0.93087       0.5451
0.93162       0.9236       0.5451
0.95662      0.91425       0.5451
0.97712      0.90329       0.5451
0.99098      0.89119       0.5451
0.99608      0.87843       0.5451
0.99598      0.86195      0.53838
0.99571      0.83929      0.52045
0.99528      0.81186      0.49468
0.99469      0.78105      0.46443
0.99396      0.74826      0.43305
0.99311       0.7149      0.40392
0.99216      0.68235      0.38039
0.9904      0.64929      0.36146
0.98727       0.6139      0.34368
0.98293      0.57691       0.3268
0.97755      0.53905      0.31054
0.9713      0.50104      0.29462
0.96435       0.4636      0.27878
0.95686      0.42745      0.26275
0.94743      0.39198      0.24487
0.93486      0.35633      0.22486
0.91967      0.32087      0.20443
0.90239      0.28597       0.1853
0.88353      0.25198      0.16919
0.8636      0.21928      0.15783
0.84314      0.18824      0.15294
0.82132      0.15854      0.15193
0.79711      0.12969      0.15106
0.77072      0.10175      0.15034
0.74233     0.074749      0.14977
0.71212     0.048757      0.14936
0.6803     0.023823       0.1491
0.64706            0      0.14902
