0.142            0         0.85
0.1197      0.01968      0.89268
0.10551     0.048517      0.92956
0.098368      0.08411      0.95745
0.097719      0.12505      0.97377
0.10909      0.18237      0.98552
0.12925      0.25054      0.99457
0.15165      0.31755       0.9995
0.17144       0.3744            1
0.19202      0.42718            1
0.21396       0.4774            1
0.23719      0.52547            1
0.26188      0.57167            1
0.28827      0.61601            1
0.31613      0.65846            1
0.34522      0.69906            1
0.37585      0.73903            1
0.40807       0.7775            1
0.4417      0.81252            1
0.47674      0.84262            1
0.514      0.86968            1
0.55254      0.89401            1
0.59107      0.91541            1
0.6283      0.93452            1
0.66459       0.9524            1
0.70197      0.96758            1
0.74253      0.97851            1
0.79219      0.98701            1
0.84703      0.99433            1
0.89624      0.99902            1
0.93067            1      0.99887
0.9605            1      0.98517
0.98517            1       0.9605
0.99887            1      0.93067
    1      0.99756      0.89624
    1      0.98602      0.84703
    1      0.96854      0.79219
    1      0.94912      0.74253
    1      0.92698      0.70197
    1      0.89882      0.66459
    1      0.86645       0.6283
    1      0.83153      0.59107
    1      0.79166      0.55254
    1      0.74686        0.514
    1      0.69903      0.47674
    1      0.64941       0.4417
    1      0.59628      0.40807
    1      0.54022      0.37585
    1      0.48233      0.34522
    1      0.41832      0.31449
    1       0.3465      0.28302
    1      0.28101      0.25597
0.99996      0.23612      0.23856
0.99651      0.20804      0.22832
0.98852      0.18614      0.22061
0.97742      0.16673      0.21397
0.96332       0.1467      0.20729
0.93749      0.12795      0.20167
0.90206      0.10991      0.19624
0.86196     0.090972      0.18947
0.81932     0.070057      0.17967
0.76921     0.047834      0.16595
0.71238     0.024453      0.14911
 0.65            0         0.13
