0.0039216      0.52157      0.44314
 0.036712      0.54329      0.46636
  0.06935      0.56463      0.48923
  0.10183      0.58555       0.5117
  0.13416      0.60603      0.53378
  0.16633      0.62603      0.55543
  0.19835      0.64554      0.57665
   0.2302      0.66452       0.5974
   0.2619      0.68294      0.61769
  0.29343      0.70079      0.63748
   0.3248      0.71802      0.65677
  0.35601      0.73462      0.67552
  0.38705      0.75055      0.69374
  0.41792       0.7658      0.71138
  0.44863      0.78032      0.72845
  0.47917       0.7941      0.74492
  0.50965      0.80714      0.76082
   0.5423       0.8203      0.77714
  0.57751      0.83378       0.7941
  0.61459      0.84742      0.81146
  0.65287      0.86104      0.82895
  0.69167      0.87447      0.84635
  0.73033      0.88754       0.8634
  0.76815      0.90007      0.87985
  0.80448      0.91191      0.89546
  0.83862      0.92286      0.90998
  0.86991      0.93276      0.92317
  0.89767      0.94145      0.93477
  0.92123      0.94873      0.94454
   0.9399      0.95446      0.95224
  0.95301      0.95844      0.95762
  0.95989      0.96052      0.96042
  0.96065      0.96045      0.95981
  0.95961      0.95784      0.95228
  0.95759      0.95282        0.938
  0.95468      0.94561      0.91774
  0.95094      0.93642       0.8923
  0.94645      0.92546      0.86247
  0.94128      0.91293      0.82905
  0.93551      0.89906      0.79282
  0.92921      0.88405      0.75458
  0.92246      0.86812      0.71512
  0.91532      0.85148      0.67523
  0.90788      0.83433      0.63571
   0.9002      0.81689      0.59734
  0.89236      0.79938      0.56092
  0.88443        0.782      0.52724
  0.87649      0.76496      0.49709
  0.86829      0.74797      0.47001
  0.85912      0.72989      0.44334
  0.84899       0.7107      0.41694
  0.83794      0.69045      0.39084
  0.82602      0.66919      0.36502
  0.81329      0.64694       0.3395
  0.79977      0.62377      0.31428
  0.78553      0.59971      0.28937
  0.77061       0.5748      0.26478
  0.75505      0.54909       0.2405
   0.7389      0.52262      0.21656
  0.72222      0.49544      0.19295
  0.70503      0.46758      0.16968
   0.6874      0.43909      0.14675
  0.66937      0.41001      0.12418
  0.65098      0.38039      0.10196
